{Brass_t0.25_b10.24x10.73: -33797.58334546891, Brass_t0.25_b1_m20.24x10.73: -22981.33218883893,
  Brass_t0.25_b1_m30.24x10.73: 184363.96197354182, Fat0.27x10.2: 71.74358248276228,
  LS0.4x10.18: 4837.324114962982, Liv_beam0.4x10.2: 3150.4981881327067, SICB0.4x10.17: 1671.2815456421229,
  SICB_10.42x10.18: 2390.813220485267, SS0.8x10.44: 81345.31478090465, SS_Eleni0.14x10.04: 205.25698895827279,
  Steel0.4x10: 1617.703536421131, Steel20.4x10: 4180.357611185512, Steel210x0.4: 4180.357611185512,
  Steel30.4x10: 4593.841967080136, Steel_A0.12x10: 196.61094649237506, Steel_A0.1x10: 203.595684151074,
  Steel_Holder_Freddie0.4x10: 5180.4980209469495, Steel_Liv1x10: 158.33333333333334,
  Steel_holder_Freedie_20.4x10: 5619, Steel_new0.4x10.2: 2754.227244713749, alu0.2x10: 4666.666666666668,
  bla0.2x10: 432.2164315461459, steel0.2x10: -0.002522515584192397, steelb0.2x10: 934.3531621256303,
  steelglass0.2x10: 496.88404259939176, thicc0.8x10.2: 26414.070250016688}
